55 542700.4439882225 6153605.0342054 0.5064293110496856 0.5024614306027957 174.04769993703573
56 542697.0512421194 6153593.683231621 0.5078639616703399 0.5038848407165883 173.86567813303571
57 542702.0730144609 6153587.0284609 0.5059092298112089 0.5019454242078004 173.92227287732834
58 542704.6965754249 6153579.325949353 0.5047077199488422 0.5007533281913262 174.10368275526497
59 542705.5506605277 6153569.360697233 0.5077922459679016 0.5038136869076408 174.06215133457528
60 542715.6361065939 6153602.287373296 0.5068955666761156 0.5029240331101367 158.51787137801398
61 542717.18136045 6153561.492069631 0.5114506270571936 0.5074434045320133 159.40868329742935
62 542722.4679274529 6153557.147236345 0.5085633580550575 0.5045787573212477 159.38676445702382
63 542722.5851105445 6153547.992559449 0.5067700512517759 0.5027995011008308 159.5050544764095
64 542724.1622312756 6153541.867417695 0.5072721647294249 0.5032976805126457 159.3294763310172
65 542727.5279144328 6153530.22765454 0.5039365819715411 0.49998823209042365 159.36414627020477
66 542730.7475348001 6153522.634527547 0.5087606409621259 0.5047744945140924 159.4713641157072
67 542736.2843676952 6153514.471611667 0.5107332888017938 0.5067316866314692 159.48639483857616
68 542737.2389837793 6153505.7421434885 0.5067521093810937 0.5027816998049461 159.55451805854258
69 542739.6696437974 6153497.563936777 0.5075770470802962 0.5036001741062072 159.41528705558855
70 542741.1281294003 6153487.738689815 0.505442974184779 0.5014828217004594 159.27580068376585
71 542747.2130456299 6153480.473076037 0.5054967739066802 0.5015361999008178 159.5388093518436
72 542750.5389272413 6153472.6711087115 0.5069852501393812 0.5030130139022645 159.49007537452036
73 542752.9771811243 6153462.994197102 0.5060885708475953 0.5021233601047604 159.4586033986361
74 542756.2989370726 6153454.62677577 0.5100876921389775 0.5060911482271682 159.51223488505332
75 542758.3764396894 6153445.213906811 0.5112712860208074 0.5072654686350534 159.47890696806556
76 542762.2783798772 6153433.981308875 0.5044207794686533 0.5004686358936494 159.32825894458583
77 542765.5696679889 6153430.03449421 0.50985455138069 0.5058598341298498 159.49012668600014
78 542768.0182544325 6153420.207110398 0.5055864314798008 0.50162515500565 159.48993531982248
79 542771.4259650407 6153413.08691248 0.5033447850306262 0.49940107188648103 159.4909750019766
80 542775.63623306 6153404.5069323 0.5106436312286733 0.5066427315266371 159.5173256142707
81 542776.7198671759 6153394.227514529 0.5082585015943316 0.5042762894149819 159.53124789003945
82 542778.8427506642 6153384.740154971 0.5117196256667004 0.5077102955338054 159.52871499584816
83 542783.5527712859 6153378.024312131 0.5058016303674062 0.5018386678070836 159.43598873614448
84 542787.1560445005 6153370.686612519 0.5067700512517759 0.5027995011008308 159.49599913793517
85 542789.8094751849 6153359.978303494 0.5056581730723844 0.5016963345018931 159.55070126707923
86 542791.6500380902 6153351.1863462515 0.5082943594455507 0.5043118663194556 159.40368184557423
87 542808.6690950737 6153309.2224783925 0.502573647053325 0.49863597578557844 159.90158297126715
88 542751.0195739055 6153313.78428717 0.5101056340096598 0.5061089495230529 -105.35349081630667
89 542725.4694343355 6153309.835422265 0.5109664295600814 0.5069630007287876 -104.89651845940529
90 542717.604434472 6153308.557766376 0.5103387747679474 0.5063402636203712 -104.86837843562104
91 542708.7583317717 6153306.722384191 0.5086171577769588 0.5046321355216061 -105.0178584147865
92 542699.4861745677 6153304.703984016 0.5084199007600356 0.5044364240160571 -105.1955874767506
93 542692.0348111504 6153300.969042482 0.5096214365125477 0.5056285457198271 -105.0833942653132
94 542646.2061698651 6153282.248320959 0.5092806963104572 0.5052904752217918 -104.85003743161607
95 542640.8946995635 6153360.130697349 0.5069314504174799 0.5029596357019062 -20.60074933575573
96 542636.2819744196 6153362.297317845 0.5082764434650138 0.5042940907108666 -20.71396007225665
97 542630.9855382327 6153368.821459222 0.5110919708745664 0.5070875584253891 -20.44437983445894
98 542629.596535103 6153376.321227018 0.5054250323140967 0.5014650204045747 -20.38231203568567
99 542628.5741076946 6153385.2858039625 0.5068238509736772 0.5028528793011893 -20.394657432287893
100 542626.4173505426 6153393.802662516 0.5093165541616764 0.5053260521262656 -20.4239777909678
101 542623.4380902937 6153401.712124935 0.5073797641732277 0.5034044369133625 -20.430605122159207
102 542617.6562289434 6153410.043801666 0.5128135619754096 0.5087956608368586 -20.27854260463037
103 542616.4766908356 6153418.334167854 0.5076129049315153 0.5036357510106808 -20.339077742829616
104 542614.4032611736 6153426.994435485 0.5026274467752263 0.4986893539859369 -20.331468013975805
105 542603.6459530393 6153438.260167432 0.5101952915827803 0.506197904627885 -20.28808263134182
106 542601.0333433221 6153443.972351368 0.5116478840741168 0.5076391160375624 -20.28253638603627
107 542600.0019391004 6153451.289846614 0.5122755647563961 0.5082618788332743 -20.35361320095513
108 542597.3564820657 6153461.838783797 0.5067341675104114 0.5027638985090614 -20.2940050378698
109 542595.0441662201 6153468.312258496 0.5044745791905546 0.5005220140940078 -20.35923345248872
110 542592.6336950839 6153477.983648665 0.5061603124401788 0.5021945396010036 -20.342045249411825
111 542589.1817637127 6153486.428958794 0.5021073914268951 0.49817337327823735 -20.21185210566571
112 542585.6670585474 6153495.249075915 0.5069135085467977 0.5029418344060214 -20.380474479614456
113 542584.0759927473 6153503.7182833785 0.5047077199488422 0.5007533281913262 -20.319528460574112
114 542582.6219700802 6153512.340980929 0.5061603124401788 0.5021945396010036 -20.36525996039272
115 542577.3465955605 6153519.896291274 0.5063755113277841 0.5024080524024372 -20.367466373610792
116 542574.111476102 6153528.812724827 0.5059451135525734 0.5019810267995699 -20.30497545785912
117 542570.3997661457 6153536.299968862 0.5085454420745206 0.5045609817126587 -20.308640828253505
118 542570.5347710076 6153545.204439854 0.5039545238422233 0.5000060333863083 -20.436143748229263
119 542569.1326435354 6153555.219161879 0.5083302431869151 0.5043474689112251 -20.433738019947228
120 542566.4578542989 6153563.014297093 0.507254248748888 0.5032799049040566 -20.427676655456597
121 542558.7683120572 6153569.640781518 0.5094062376249422 0.5054150329183934 -20.359570988015616
122 542536.348402201 6153613.5948247835 0.5085095583331561 0.5045253791208892 -21.027053924101384
123 542584.1654060063 6153524.067464373 0.5107870885236951 0.5067850648318276 -105.22481476723738
124 542578.1537232029 6153521.61372182 0.5094420954761614 0.5054506098228672 -105.14937957134192
125 542569.6957067512 6153519.691682879 0.5118989667030867 0.5078882314307653 -105.28433761844008
126 542561.1718666835 6153516.827180068 0.5097290359563503 0.505735302120544 -105.25994508601411
127 542551.3654361039 6153514.534498791 0.5108767719869609 0.5068740456239554 -105.22285103332942
128 542533.5214280544 6153508.24970472 0.5087785569426628 0.5047922701226814 -105.31638873810064
129 542593.6751275982 6153568.566065075 0.5145889527981543 0.5105571414486864 157.97383844623724
130 542601.0908342144 6153529.984848307 0.5050484342607873 0.5010913730020657 158.3255999563565
131 542601.5465910527 6153521.31713797 0.5067700512517759 0.5027995011008308 158.43807646335904
132 542603.1597857221 6153514.136824934 0.503649641491352 0.49970353979274684 158.28277645180927
133 542609.2408767148 6153507.032369381 0.505729914664968 0.5017675139981361 158.27475245397326
134 542614.7025397574 6153500.41010748 0.5028785294041962 0.49893846937913994 158.35383396826046
135 542615.9125817281 6153489.002472856 0.5035241260670125 0.499579007783441 158.4707950510135
136 542624.7425833114 6153480.398028664 0.5068955666761156 0.5029240331101367 158.2703533344346
137 542626.4139537788 6153476.269555943 0.5068597088248964 0.5028884562056629 158.3442864801318
138 542628.1382727984 6153466.969780738 0.5096572943637667 0.5056641226243008 158.325963373207
139 542627.7739434389 6153456.357150837 0.5044207794686533 0.5004686358936494 158.4297097130589
140 542630.2469433176 6153448.229073067 0.5040441814153438 0.5000949884911405 158.3204006299791
141 542629.4546686403 6153439.355249512 0.5014259110227144 0.4974972322821669 158.1476997696646
142 542635.363372329 6153431.915780366 0.5065907102153896 0.5026215652038709 158.124179033449
143 542635.193431986 6153420.184069736 0.5059451135525734 0.5019810267995699 158.2772439413946
144 542636.5210600217 6153411.276568156 0.5078281038191207 0.5038492638121146 158.17147189861464
145 542639.6274485562 6153403.929401776 0.5111995703183692 0.507194314826106 158.08520121691495
146 542641.0621081503 6153395.078634939 0.5103208328972653 0.5063224623244865 157.9195731671946
147 542645.2426900389 6153387.97279389 0.5064113691790033 0.5024436293069109 157.97450135688143
148 542653.1939344382 6153381.529698006 0.5068417669542142 0.5028706549097783 158.11192783826684
149 542660.5913581587 6153374.19147814 0.506196170291398 0.5022301165054773 157.96559080879277
150 542667.4295615139 6153367.681949206 0.505729914664968 0.5017675139981361 158.29653071581447
151 542673.0860502663 6153359.4019043725 0.5068597088248964 0.5028884562056629 158.48288554184188
152 542675.6699267701 6153351.389684121 0.5077384462460002 0.5037603087072824 158.52884103241823
153 542676.5111356558 6153342.98427156 0.5091910387373367 0.5052015201169597 158.29725825365915
154 542678.0275838977 6153331.684004831 0.5056940309236035 0.5017319114063669 158.39125282149917
155 542677.126551835 6153322.790580664 0.5035420420475494 0.49959678339203 158.1824294726647
156 542689.2599395455 6153291.431252368 0.505729914664968 0.5017675139981361 158.63162558322998
157 542613.3637199102 6153279.322462406 0.5089937558302683 0.5050057829241151 -104.9895857458855
158 542606.2139957641 6153278.794594324 0.5118630829617222 0.5078526288389961 -105.013115032781
159 542599.358171927 6153277.336715824 0.5106077733774541 0.5066071546221633 -105.0378033315201
160 542590.2971733122 6153276.053316156 0.5086888993695424 0.5047033150178493 -105.21939808710518
161 542581.4568495825 6153273.371547214 0.5084019588893535 0.5044186227201725 -105.1066360091836
162 542571.8331385022 6153270.979569456 0.5089040982571478 0.5049168278192829 -105.14130122090896
163 542548.886651583 6153283.2790642865 0.502986128847999 0.49904522577985677 -80.94389938046105
164 542518.609756363 6153324.522141997 0.5075411633389317 0.5035645715144378 -23.01589259077057
165 542511.5809783707 6153333.015285465 0.5093882957542599 0.5053972316225087 -22.60988419172061
166 542506.3865951583 6153341.109359513 0.5082226437431124 0.5042407125105082 -22.626314423009816
167 542501.7344847253 6153349.398449015 0.5069493663980169 0.5029774113104951 -22.533720395424258
168 542504.1043128658 6153359.052174914 0.5092089547178738 0.5052192957255488 -22.69493572603252
169 542490.9967587725 6153363.728931286 0.5056402312017021 0.5016785332060084 -22.371666649033177
170 542496.519376345 6153375.910726176 0.5066983096591924 0.5027283216045878 -22.77289664684043
171 542492.051499135 6153389.089737771 0.5101594337315611 0.5061623277234113 -22.63819125845585
172 542491.2392904131 6153392.814287821 0.5092806963104572 0.5052904752217918 -22.58078803581908
173 542489.3792754296 6153401.804958481 0.5058016303674062 0.5018386678070836 -22.679155484377347
174 542487.3728428887 6153409.760699597 0.5064293110496856 0.5024614306027957 -22.64354107789668
175 542482.2990109426 6153417.285811411 0.505729914664968 0.5017675139981361 -22.623781307125864
176 542473.630066072 6153425.5049726255 0.5100518342877585 0.5060555713226944 -22.593714478842195
177 542474.4026339696 6153435.253849658 0.5086171577769588 0.5046321355216061 -22.60398709408283
178 542471.253738485 6153442.1681555165 0.5070211079906004 0.5030485908067382 -22.55183747519497
179 542468.8953404753 6153450.66620231 0.5092448384592381 0.5052548983173181 -22.745966788558317
180 542468.8473390848 6153460.935463013 0.5095138370687449 0.5055217893191102 -22.856439139646103
181 542466.381547834 6153470.760554565 0.5091730968666546 0.505183718821075 -22.72725996701842
182 542464.6577779488 6153479.131771047 0.5102670331753638 0.5062690841241281 -22.806554037196893
183 542457.9648502297 6153487.044603436 0.5073618481926908 0.5033866613047734 -22.69377402275864
184 542456.9391285972 6153495.916455638 0.5093882957542599 0.5053972316225087 -22.80349379505574
185 542450.5670894906 6153503.230779082 0.5093524379030409 0.505361654718035 -22.74733040199161
186 542448.9597246057 6153511.852475927 0.5033627269013083 0.4994188731823657 -22.796856870872784
187 542444.7348035999 6153519.191869816 0.5090654974228519 0.5050769624203582 -22.69534411034237
188 542440.86014096 6153527.513109282 0.5054967739066802 0.5015361999008178 -22.802212257339757
189 542438.2805579611 6153536.148195185 0.5078998454117043 0.5039204433083576 -22.71498597671546
190 542406.8599167858 6153576.50051332 0.5074873636170304 0.5035111933140793 -23.376688594295047
191 542458.1476787628 6153495.48597594 0.5087247572207615 0.504738891922323 -105.14566918572945
192 542452.7116840133 6153494.225558823 0.5079895029848248 0.5040093984131898 -105.29061413910244
193 542445.9670383146 6153492.124730552 0.5098366354001531 0.5058420585212607 -105.33538896448492
194 542437.6910417739 6153489.157081666 0.5060527129963761 0.5020877832002867 -105.29210118468322
195 542426.458172606 6153488.910844186 0.5098724932513722 0.5058776354257345 -105.29640095865965
196 542418.6833966349 6153486.598226845 0.5079715611141425 0.5039915971173051 -105.32625989850688
197 542469.223588092 6153497.7600436555 0.5071287074344031 0.503155347207455 176.6968785972073
198 542469.6421304311 6153533.298665323 0.5082764434650138 0.5042940907108666 155.35514751137578
199 542479.2666745164 6153499.456515844 0.5056581730723844 0.5016963345018931 156.76039470364296
200 542483.3793162317 6153492.851219059 0.5074873636170304 0.5035111933140793 156.802338558557
201 542487.3801695018 6153485.910233855 0.5043311218955328 0.5003796807888172 156.7629149783861
202 542486.7093292155 6153475.814286197 0.5058554300893076 0.5018920460074421 156.4970104695008
203 542490.0677261 6153468.917690678 0.5052457171678558 0.5012871101949103 156.58658410511708
204 542493.3348277344 6153459.803805802 0.5075232473583948 0.5035467959058487 156.57839804242664
205 542498.163534337 6153452.731378817 0.5063755113277841 0.5024080524024372 156.65228451741297
206 542502.3950723452 6153442.84085776 0.5105180899141885 0.5065181738300356 156.7839365082952
207 542505.7771436733 6153436.906493255 0.5023405062950375 0.4984046616882601 156.63995701306752
208 542511.5168901642 6153429.719011691 0.5036855252327166 0.4997391423845162 156.7730718449423
209 542516.0487083961 6153419.834498788 0.5094241536054791 0.5054328085269825 156.87907719209056
210 542517.8907170015 6153410.504470323 0.5075949630608332 0.5036179497147962 156.61853216913056
211 542519.5853113129 6153403.978048813 0.5107870885236951 0.5067850648318276 156.63055813279416
212 542524.1653006742 6153396.177526113 0.5072004490269867 0.5032265267036983 156.68437350047867
213 542528.3456745503 6153387.619759154 0.5039545238422233 0.5000060333863083 156.76537760008253
214 542530.4142338637 6153379.573012004 0.5032371855868234 0.4992943154857642 156.7913768039852
215 542537.7129216515 6153372.242970484 0.5114326851865114 0.5074256032361286 156.89208097591182
216 542541.5129604 6153359.644123964 0.5027350462190291 0.4987961103866537 156.81838121781624
217 542542.2461919361 6153354.966732008 0.5028067878116127 0.4988672898828968 156.7409613727592
218 542546.4513731119 6153347.680108216 0.5059271716818912 0.5019632255036852 156.81759059675653
219 542551.7141102701 6153340.147951198 0.5077922459679016 0.5038136869076408 156.8286160265146
220 542555.3302947156 6153331.187560416 0.5067162515298745 0.5027461229004724 156.84832868152313
221 542557.5086059103 6153322.002235511 0.5033985847525275 0.4994544500868395 156.72888719517618
222 542559.0179297585 6153313.17121558 0.5074694476364935 0.5034934177054903 156.67709881104918
223 542561.9890243919 6153304.523128494 0.5015873101884185 0.4976573668832422 156.67838433640676
224 542565.2850336824 6153294.309215762 0.5073618481926908 0.5033866613047734 156.78615991491466
225 542578.3895722599 6153258.714707981 0.503775182805837 0.49982809748934837 157.35078732199904
